4330887818865662|03|2026|907
4330887230017058|06|2024|617
4330885167850186|12|2024|777
4330882661071708|05|2024|116
4330883730780154|06|2027|213
4330883035183880|05|2025|418
4330888585711170|01|2027|927
4330881120561754|10|2027|248
4330880104063522|07|2027|579
4330885486220814|09|2025|709
4330881155536168|05|2027|892
4330881372145181|08|2026|599
4330887226504655|03|2027|327
4330886670330278|10|2026|354
4330880104010382|01|2023|549
4330881066147048|11|2027|742
4330881006322214|08|2025|599
4330885343178320|03|2023|447
4330883845000258|04|2024|809
4330888862573004|11|2025|331
4330881504787074|11|2025|740
4330887823838183|03|2027|380
4330880804110482|12|2027|199
4330888180814858|04|2025|747
4330883501433116|03|2023|825
4330880042132835|11|2027|251
4330884457321248|05|2025|643
4330881401286832|01|2024|656
4330883357764127|09|2023|299
4330881171482868|12|2025|530
4330886302774380|02|2026|647
4330883112031424|03|2025|400
4330886448664164|07|2027|371
4330882342500620|08|2024|883
4330880005122864|03|2026|197
4330885042645637|03|2026|529
4330884416433332|01|2024|849
4330886028123664|08|2024|980
4330881441666357|09|2025|609
4330882043872435|03|2024|434
4330885630105283|09|2025|741
4330887636381736|02|2025|833
4330880780400055|03|2025|116
4330883316721481|09|2026|773
4330883265765141|10|2026|881
4330880424745725|08|2025|756
4330883342087824|11|2027|532
4330883407651134|01|2024|667
4330884313805467|07|2025|599
4330888076305417|04|2026|816
4330887076102881|07|2026|921
4330885153512857|03|2026|995
4330887834775887|05|2027|555
4330888400163714|11|2027|555
4330881600785774|02|2023|673
4330884025154717|05|2025|997
4330882606400368|10|2025|514
4330885286772386|06|2024|564
4330887731330166|11|2027|220
4330882416457368|02|2025|247
4330880753462553|06|2026|505
4330887271517248|07|2024|514
4330883814120087|06|2026|457
4330888705301043|01|2026|611
4330885555640520|10|2023|218
4330888550132816|03|2025|933
4330886160251083|02|2025|199
4330887148063814|11|2024|983
4330880582383707|02|2025|152
4330887580210873|03|2025|121
4330880551778622|04|2023|234
4330882341131831|11|2024|852
4330888028874882|10|2025|431
4330880127523650|09|2026|272
4330882422035455|07|2027|389
4330880408462602|06|2024|795
4330881084440474|04|2023|711
4330880023336462|12|2025|588
4330881720886783|03|2026|566
4330885657223662|07|2027|722
4330882057407557|01|2023|469
4330888303234745|08|2026|828
4330881800587848|08|2027|237
4330884210664868|06|2025|382
4330885864738023|04|2025|431
4330881287637082|10|2024|231
4330886826718152|11|2027|118
4330885064341453|07|2024|444
4330883200866202|08|2026|372
4330884065056525|02|2025|659
4330888837248716|05|2025|581
4330885116052033|05|2025|309
4330884171430010|05|2025|912
4330886427301812|10|2027|329
4330881366461008|02|2024|972
4330883424022285|03|2023|638
4330887241672743|05|2027|774
4330880068460128|02|2023|438
4330881368403347|02|2027|395
4330886150014632|04|2024|904
4330880348302587|12|2023|926
4330884337575401|07|2026|758
4330881242576680|03|2026|638
4330886750708104|12|2026|971
4330886076500862|11|2025|797
4330882010174427|06|2025|271
4330887186217702|05|2024|167
4330886846716764|10|2026|444
4330880466081211|05|2025|507
4330888738847723|10|2026|173
4330882505166656|05|2026|886
4330882523130262|03|2023|476
4330887582222421|04|2023|178
4330885118842464|01|2023|119
4330884687555334|05|2026|815
4330887641665404|01|2027|684
4330882703028427|09|2026|265
4330883281256737|08|2027|812
4330888774376470|06|2026|707
4330881521418323|08|2027|296
4330884430000331|12|2027|975
4330882340550270|09|2027|651
4330883265658312|01|2023|797
4330886214311602|01|2026|449
4330886522244511|09|2023|748
4330886623440257|06|2024|918
4330886674842013|06|2025|184
4330880540304357|11|2025|324
4330885324436051|10|2027|881
4330880244044788|11|2023|857
4330888832027362|03|2024|885
4330882007813730|12|2027|449
4330886813337636|01|2023|693
4330884508600053|08|2027|653
4330880308340643|10|2023|499
4330881064718303|08|2025|639
4330883003882653|03|2024|958
4330885523580568|02|2025|119
4330888253017454|10|2026|968
4330885537504331|04|2025|705
4330886886733182|09|2026|436
4330888664236768|12|2023|663
4330888453871163|03|2024|854
4330884118483411|09|2026|775
4330888287208418|09|2026|626
4330884172643116|05|2025|289
4330887628388608|03|2024|778
4330884026262253|09|2023|916
4330880113221277|11|2026|595
4330884257783043|05|2025|949
4330887345113412|11|2024|320
4330884256587122|05|2023|980
4330884727734667|02|2026|853
4330888852646463|05|2023|733
4330884263446486|03|2025|564
4330884043642206|03|2023|990
4330885303006651|06|2023|975
4330884446511586|09|2027|346
4330884448006783|12|2026|380
4330880364041226|12|2024|996
4330880134208204|11|2027|447
4330885840071283|04|2026|248
4330882351475425|04|2025|898
4330881822455255|06|2023|510
4330880252888324|01|2023|547
4330883044543876|11|2023|250
4330888283020833|11|2027|664
4330884703315481|07|2026|662
4330884648445385|01|2023|859
4330884540788577|11|2024|433
4330881013301854|12|2023|191
4330885086782304|12|2026|804
4330882353545043|08|2026|900
4330880200208104|05|2025|663
4330885083683711|11|2024|309
4330886657541426|12|2026|757
4330887277303767|03|2024|401
4330883884846215|06|2025|814
4330885754825443|03|2023|545
4330883746685207|09|2025|998
4330887351100337|08|2025|203
4330882864853134|11|2024|221
4330887087662451|06|2025|227
4330888551235626|03|2023|948
4330887454531867|03|2024|875
4330884651684367|07|2025|515
4330888051868462|04|2024|262
4330880248450353|03|2024|149
4330883236521615|06|2027|290
4330887870673244|04|2025|345
4330880853080172|01|2024|192
4330886474266025|05|2025|240
4330882427840867|04|2027|391
4330882651240412|06|2024|205
4330884875674681|01|2027|213
4330881436878421|09|2023|196
4330886574181025|07|2023|443
4330885404053784|07|2026|403
4330887704351421|05|2023|548
4330881732088014|05|2027|971
4330883726333471|12|2024|850
4330882107613808|03|2025|895
4330885452774505|07|2026|948
4330880076863107|08|2023|397
4330886460812485|02|2024|322
4330883158366122|11|2024|599
4330888067711755|09|2026|867
4330880038453260|11|2023|695
4330880221475526|02|2025|438
4330887685002340|03|2027|311
4330887521208853|05|2026|595
4330886472772735|08|2024|452
4330888646701251|04|2025|511
4330883075416208|05|2027|338
4330885715335078|06|2025|971
4330886571805253|02|2023|817
4330882758070407|03|2026|459
4330886061631102|08|2023|509
4330886047677351|04|2025|334
4330887845734758|06|2024|392
4330883357315433|07|2025|367
4330881435717836|10|2025|134
4330884527573877|09|2027|957
4330882361352002|09|2025|798
4330886688587547|10|2025|778
4330883342840446|10|2024|470
4330887651747035|03|2026|818
4330886177657611|10|2025|279
4330882824661833|11|2023|686
4330882416555344|08|2027|352
4330884402471320|09|2026|321
4330882768337606|03|2025|684
4330882037434382|11|2025|364
4330885771637227|03|2023|642
4330882660326475|01|2025|693
4330883665658284|02|2025|483
4330888628862436|05|2025|988
4330880508064720|08|2024|254
4330881740481821|05|2023|799
4330882234618340|03|2027|456
4330881165221744|10|2023|551
4330882421715602|02|2027|324
4330886056863660|11|2023|534
4330880251480354|05|2024|253
4330882115055026|11|2027|603
4330887436743002|03|2024|870
4330883742814330|06|2024|585
4330885008236678|11|2027|213
4330888336175667|03|2025|368
4330888160884350|04|2025|546
4330882555118631|12|2024|383
4330886505741350|05|2026|524
4330882327842070|01|2025|640
4330885657571557|07|2024|743
4330880851707545|09|2026|671
4330882760175566|08|2025|852
4330886120888644|10|2027|963
4330880723720221|10|2026|191
4330881868788668|04|2027|345
4330886587633285|12|2027|514
4330880878528510|04|2024|920
4330883212723201|07|2023|764
4330883703555088|07|2024|332
4330883653237570|02|2023|579
4330883012752871|11|2024|606
4330883500706314|07|2027|973
4330887187601532|05|2027|534
4330885430881455|01|2027|244
4330887045552620|10|2027|869
4330886137175407|09|2023|548
4330882388627832|02|2025|656
4330887502166260|03|2024|904
4330885720151783|07|2025|879
4330887226110586|03|2027|397
4330884441050861|12|2024|936
4330882515721854|02|2024|686
4330881335052441|04|2024|850
4330884077010841|02|2023|819
4330883033527021|11|2027|209
4330884372834150|08|2024|550
4330881820404842|05|2026|349
4330883228682805|10|2026|586
4330884685744120|10|2025|250
4330880301118178|07|2024|165
4330886115313426|07|2026|242
4330888871184546|02|2027|176
4330886167585335|06|2027|853
4330884255446767|11|2023|774
4330885533657315|03|2024|817
4330883204823134|05|2025|470
4330884803186634|12|2027|883
4330888317878487|06|2026|506
4330884458865326|05|2024|605
4330887437536827|04|2024|540
4330880744160175|07|2024|674
4330886248761525|05|2026|513
4330880587255348|04|2025|946
4330887072512331|06|2024|592
4330885073476050|01|2027|755
4330885118012217|05|2027|226
4330886042478151|07|2027|330
4330883657007284|02|2023|197
4330887664286401|09|2027|283
4330880813806153|01|2024|973
4330884452008345|04|2026|663
4330882122720265|05|2027|576
4330886000835053|09|2026|515
4330886705035355|07|2025|355
4330882018730618|01|2024|476
4330882850143748|08|2027|233
4330885644765437|03|2025|939
4330880852553781|11|2025|755
4330882844374714|10|2025|804
4330880223046846|11|2024|623
4330883172685812|11|2023|173
4330880422356103|05|2024|426
4330883816836300|11|2024|500
4330882517126417|05|2024|701
4330882025254305|10|2026|934
4330880762803516|11|2025|493
4330888583424685|05|2025|595
4330887050285777|12|2024|122
4330881777711538|07|2025|906
4330884552828626|07|2026|227
4330884632684767|10|2025|313
4330886745363841|06|2027|801
4330886856468108|04|2023|649
4330887530575003|03|2025|785
4330887763136218|12|2024|437
4330888021214474|05|2025|900
4330883687827156|02|2025|197
4330883220824165|06|2027|550
4330885578271733|10|2023|298
4330887765204410|11|2026|124
4330883685743728|01|2024|925
4330887823507325|11|2023|113
4330884768234346|09|2026|229
4330887621212003|11|2023|377
4330887001251100|05|2027|366
4330882161248731|03|2025|355
4330886744680781|01|2027|874
4330882605708613|03|2027|585
4330884260303854|03|2023|860
4330887202073378|02|2027|458
4330880081160804|01|2026|737
4330885755875470|03|2026|924
4330883842262133|01|2023|743
4330884112057088|06|2023|240
4330880434132245|07|2023|642
4330884870628112|06|2023|746
4330888123107212|10|2026|492
4330884411478746|09|2025|179
4330884851235267|07|2027|849
4330888310652640|08|2024|149
4330888310130027|09|2023|805
4330885258228524|09|2023|349
4330885123640762|03|2023|816
4330884150857878|03|2025|874
4330887728107767|10|2023|732
4330888150624675|05|2024|732
4330881022880427|02|2024|664
4330884880151808|10|2024|544
4330886872260406|08|2024|698
4330884381751114|05|2023|465
4330884025348103|02|2023|978
4330883214170211|07|2024|877
4330883805000454|05|2026|946
4330881812405856|02|2027|186
4330884475020467|03|2025|448
4330882624610022|05|2027|971
4330884130360704|09|2024|549
4330886822805730|10|2024|818
4330885110177281|06|2027|828
4330883254181334|09|2025|504
4330883728418783|08|2026|160
4330888080283881|04|2024|963
4330885055226812|02|2023|498
4330882351244417|01|2025|851
4330882053865881|11|2023|167
4330884278238522|06|2023|352
4330880620220838|12|2026|320
4330885256355816|06|2024|306
4330886268711004|07|2024|775
4330880313882340|06|2027|553
4330880788804332|06|2023|366
4330884237370234|02|2023|888
4330886320856201|02|2027|754
4330881462166543|02|2025|479
4330882146853027|04|2026|957
4330888660130841|02|2026|730
4330887282173403|05|2026|337
4330880215604024|05|2026|220
4330888604011404|08|2025|844
4330886056885317|06|2027|719
4330887813243535|12|2025|824
4330888823182838|09|2026|871
4330883787154261|02|2026|598
4330886716100230|12|2024|710
4330886584375583|03|2024|384
4330883174153207|05|2024|756
4330884270717333|01|2023|898
4330882500545037|05|2024|568
4330881185564701|02|2026|439
4330885127232467|08|2026|747
4330885200315320|01|2027|158
4330886684113538|07|2026|408
4330885040175363|03|2023|210
4330888066644072|07|2024|555
4330881727224285|01|2023|157
4330888663452283|11|2026|895
4330882018021323|10|2023|329
4330888810447228|12|2023|416
4330887478352266|08|2023|763
4330888872784682|04|2027|603
4330888341752336|01|2023|638
4330882032663324|09|2024|116
4330882774860435|02|2027|406
4330883817541875|05|2025|426
4330883631406875|01|2026|654
4330883305745046|07|2025|236
4330882511237715|03|2024|764
4330883311074563|02|2027|881
4330886302810002|06|2023|662
4330884353325707|06|2023|749
4330882285135137|12|2026|300
4330881471856241|03|2025|588
4330884350361374|06|2024|616
4330885877643137|08|2025|626
4330882087104273|03|2027|825
4330888701187602|03|2023|691
4330888750344617|06|2026|282
4330887424333386|09|2024|259
4330885080727024|08|2025|863
4330885302534547|03|2025|190
4330882710625652|09|2023|671
4330886040080504|09|2024|362
4330883014571063|06|2027|502
4330881773133760|03|2023|396
4330884238858005|05|2027|315
4330880140446863|08|2026|584
4330884633446638|10|2025|928
4330880031285776|04|2027|946
4330880771285283|05|2025|747
4330881163053701|12|2023|131
4330888108880577|11|2025|749
4330888374413301|02|2026|309
4330886082826780|09|2026|551
4330884545584120|05|2025|239
4330882788147027|11|2027|214
4330887634152345|08|2023|159
4330887274784464|09|2027|266
4330885040777663|07|2023|795
4330883255885271|04|2024|605
4330885635270140|03|2026|261
4330883702125180|02|2025|632
4330884875704157|11|2023|620
4330881728404357|10|2025|423
4330880106422015|05|2023|978
4330884701013021|07|2024|489
4330883878185430|05|2023|537
4330886512306106|12|2024|226
4330881138460148|10|2027|896
4330888023705230|03|2025|601
4330888747240704|03|2026|625
4330881012643058|02|2024|357
4330882402755775|04|2027|320
4330881404745230|07|2024|680
4330881531615801|12|2027|738
4330887786882475|08|2027|182
4330881432003065|07|2027|620
4330883175462102|05|2024|142
4330884474582152|09|2027|216
4330888340571604|01|2024|125
4330885670370136|06|2024|206
4330886253503846|03|2027|859
4330880648184701|10|2026|497
4330882185053083|06|2024|835
4330888835836306|10|2023|244
4330887078686337|03|2027|748
4330880115844654|06|2025|773
4330884355886243|10|2025|236
4330886476668137|11|2025|296
4330881811808266|09|2023|409
4330888664220150|02|2023|764
4330888418140233|10|2027|272
4330886247670362|02|2027|533
4330883487140156|07|2025|186
4330881100416474|05|2024|862
4330884743327777|02|2027|942
4330881762430516|08|2025|445
4330881677346401|04|2026|659
4330885453502681|03|2027|894
4330883856388121|10|2025|513
4330883305718332|07|2027|898
4330883511117014|02|2026|651
4330886783754182|04|2024|469
4330887305620521|07|2026|714
4330886158040365|04|2026|650
4330888350631611|11|2025|876
4330881561665254|03|2026|778
4330881508785330|08|2026|541
4330887516877423|03|2026|698
4330883058861545|10|2027|577
4330883553760028|02|2025|385
4330885465850631|02|2024|405
4330882747381527|12|2026|457
4330883751158017|09|2024|949
4330882711056428|06|2023|490
4330881344112582|11|2026|930
4330880177483672|04|2027|894
4330887657805506|06|2027|890
4330887458602276|09|2023|916
4330883032170856|08|2024|411
4330885687164100|04|2026|113
4330888583723466|03|2025|419
4330880058833235|03|2025|856
4330886736740312|02|2025|284
4330880452318171|09|2024|133
4330884670636877|04|2027|431
4330880658762552|10|2026|243
4330881064734680|01|2027|618
4330888744323362|03|2025|285
4330883548845728|04|2023|926
4330880688547478|06|2025|709
4330887804457151|03|2023|299
4330888431283374|02|2024|733
4330884111518544|03|2025|783
4330884113043665|12|2025|477
4330885055282674|04|2026|541
4330883240541286|06|2023|219
4330880628325761|11|2025|911
4330888631582476|09|2024|433
4330880440575338|10|2025|810
4330881143244313|03|2024|285
4330886862561755|11|2024|583
4330884676748460|05|2027|578
4330883548564071|03|2023|672
4330883581543420|03|2024|556
4330881453658367|06|2024|154
4330884387850076|11|2027|222
4330882272155320|06|2023|259
4330885723512353|11|2025|803
4330886361680288|01|2026|742
4330887121741386|12|2026|268
4330880830620686|07|2025|841
4330883314708134|11|2027|789
4330888842003478|04|2023|406
4330880710177054|09|2024|172
4330884645862285|07|2025|812
4330887382230673|04|2026|435
4330886556617145|12|2023|286
4330884714754447|04|2025|695
4330880567414113|10|2026|530
4330886555046262|07|2026|393
4330880538182724|08|2027|606
4330887441576538|10|2027|575
4330887352123171|02|2026|279
4330886063386382|11|2026|827
4330887443543072|03|2025|418
4330881885468336|10|2024|778
4330883004838845|01|2024|879
4330887378785144|04|2026|943
4330887748061176|07|2023|345
4330883024543003|04|2027|998
4330886511680634|03|2027|510
4330883636581870|06|2027|521
4330881571433875|02|2027|184
4330885714137855|08|2027|591
4330887440173642|07|2025|425
4330881465051742|07|2027|933
4330882253678282|11|2024|158
4330888214637838|03|2025|255
4330886225607030|02|2025|269
4330883127478784|07|2024|416
4330884621481068|06|2025|503
4330884573084878|04|2026|665
4330885787204020|04|2026|699
4330883876665573|04|2023|189
4330886862730657|02|2026|716
4330883251857662|04|2027|372
4330883375637230|01|2025|798
4330888404838774|08|2025|769
4330886544887016|02|2025|121
4330885303805268|01|2024|208
4330887522274136|12|2026|166
4330880417551403|11|2025|966
4330885724784811|01|2027|426
4330884888011764|03|2026|461
4330882447418116|08|2026|304
4330884780388880|02|2025|503
4330886823842732|10|2026|423
4330884388205437|06|2025|708
4330884356318584|07|2026|956
4330881835184876|05|2023|325
4330884570737122|01|2025|855
4330886771480410|12|2026|637
4330880237465750|01|2024|232
4330882410281004|10|2025|330
4330880845884210|11|2023|417
4330880848370282|09|2023|338
4330883757672201|10|2026|703
4330884871733127|10|2026|637
4330883480742404|05|2025|988
4330884180316184|01|2023|577
4330884335422424|06|2023|452
4330886348233383|07|2027|391
4330883135464743|10|2023|267
4330886617268821|06|2023|563
4330887440247800|06|2025|667
4330888220143235|12|2026|514
4330885342267306|01|2023|849
4330882077124513|02|2027|871
4330888838433838|08|2024|406
4330882581682006|12|2026|807
4330887024773361|01|2027|991
4330883180541437|07|2027|342
4330888662123828|04|2026|719
4330881150324800|08|2027|121
4330885861786223|08|2024|504
4330888510102636|08|2023|567
4330888513685108|10|2027|316
4330886684640381|09|2026|398
4330885174114048|01|2025|577
4330885534435323|08|2025|382
4330885477651308|03|2027|758
4330882188166148|02|2024|703
4330886345463652|05|2024|995
4330886546244240|08|2023|419
4330887720707408|07|2027|405
4330880314173715|08|2027|377
4330882501784213|08|2025|667
4330887551613782|02|2025|823
4330881348276383|06|2026|203
4330884467405262|11|2025|588
4330887872012656|09|2024|989
4330887048117652|04|2024|138
4330888780427358|01|2027|798
4330881251201105|05|2027|377
4330883114527114|01|2027|247
4330880516535240|02|2024|465
4330886405560363|01|2025|227
4330886008618345|08|2023|541
4330884147226500|03|2024|814
4330888618423603|11|2025|527
4330885416786785|11|2024|293
4330882450662824|07|2026|766
4330882673440511|07|2027|647
4330882228667485|03|2025|559
4330881574835365|11|2023|223
4330880213516543|08|2024|453
4330880864588007|09|2027|811
4330881247437755|10|2027|121
4330885646721776|10|2026|940
4330885215314417|03|2027|452
4330883105462115|02|2026|312
4330882558018044|01|2023|424
4330888705763556|01|2023|419
4330883047031424|07|2024|395
4330883717784021|08|2024|142
4330888034422866|01|2027|758
4330884615687522|06|2025|888
4330882612544068|04|2025|808
4330885076328621|02|2023|462
4330884041358201|07|2027|470
4330887660688824|06|2024|346
4330888144631844|07|2023|882
4330885438474683|02|2025|536
4330881031878768|11|2024|511
4330883867453260|05|2025|232
4330886211612101|11|2025|292
4330886648383342|02|2027|566
4330882888703612|03|2026|553
4330887426702372|11|2026|178
4330886547221858|01|2023|147
4330888220883574|09|2027|927
4330886461200136|03|2024|551
4330882318645664|09|2023|655
4330882476534221|06|2027|387
4330882006705564|04|2024|715
4330881327305187|06|2026|794
4330881534710856|02|2023|485
4330881867628303|09|2023|927
4330880246543704|03|2026|676
4330881803870837|04|2026|117
4330884258328780|08|2024|625
4330887707765635|02|2026|745
4330885531410782|01|2025|406
4330882226604647|07|2025|311
4330883273770273|10|2023|665
4330882305731444|02|2026|716
4330886073211083|08|2023|765
4330886071074053|09|2025|425
4330885877512704|11|2027|342
4330885776764588|04|2027|649
4330881503176113|11|2026|804
4330885441220180|07|2026|956
4330882552056156|07|2025|568
4330885122105346|06|2026|960
4330887331708324|04|2025|153
4330882361824802|01|2025|651
4330880885482263|05|2026|833
4330886582626813|05|2023|998
4330887548450272|11|2026|352
4330883710423213|03|2026|781
4330883566034460|01|2025|328
4330888033060402|08|2023|518
4330882146784685|02|2023|112
4330882631434416|01|2024|757
4330882773242452|03|2023|675
4330884112167812|08|2024|909
4330887766361714|06|2026|326
4330886371011110|03|2027|333
4330885233333035|11|2024|266
4330881253454751|11|2026|571
4330884721268134|11|2023|552
4330880832130858|08|2024|924
4330887422838725|02|2024|894
4330885358584537|07|2025|454
4330888402231022|12|2023|569
4330888713056456|10|2024|374
4330888678070203|01|2025|666
4330885426755671|06|2027|664
4330884886783265|09|2024|661
4330883702068760|07|2023|525
4330887212052438|04|2024|420
4330885706636146|01|2024|766
4330888056614655|08|2023|212
4330888311278734|08|2027|966
4330888341775766|06|2026|948
4330880105780785|03|2025|224
4330885773366064|11|2024|418
4330887387533352|10|2026|723
4330880205428186|01|2026|447
4330888036368307|10|2023|709
4330882458161571|10|2024|144
4330882772570275|08|2025|366
4330887386161718|07|2025|611
4330881052847700|11|2024|115
4330888648377837|03|2025|161
4330886610033537|06|2023|376
4330881125081337|01|2027|361
4330880302055718|04|2026|505
4330883438832737|08|2024|685
4330882421154216|11|2026|208
4330887331064827|01|2024|193
4330880651683177|01|2025|708
4330882736740618|08|2027|768
4330888683821285|10|2027|734
4330888042700733|11|2026|737
4330888730778108|08|2025|142
4330883188285250|04|2025|923
4330887245743458|10|2024|240
4330884352461230|10|2026|828
4330883603047780|12|2027|303
4330883638510364|02|2027|149
4330881062455064|05|2023|766
4330885665552300|03|2025|376
4330886860145742|04|2027|122
4330886581122186|04|2025|555
4330888580247808|03|2027|118
4330880780850275|05|2025|507
4330886221322006|05|2026|611
4330888451376421|07|2023|318
4330882411185188|07|2023|346
4330885687458403|03|2024|761
4330885872166464|10|2027|693
4330882852270325|12|2025|954
4330883200447565|05|2023|502
4330880871302731|07|2025|537
4330885181307254|04|2023|864
4330887008523345|02|2026|727
4330882637320015|07|2024|387
4330885082431724|08|2025|985
4330880865801813|12|2023|461
4330886462411203|06|2027|799
4330885236003775|05|2025|880
4330883862542208|01|2024|187
4330880557010376|01|2023|732
4330888677605348|09|2024|559
4330885115641331|04|2026|595
4330886830315862|06|2026|855
4330887388773874|05|2025|280
4330888774541453|08|2027|580
4330888232223710|07|2026|396
4330888110274736|05|2024|601
4330887666258283|11|2023|686
4330887017485577|05|2024|831
4330884517237707|11|2025|853
4330885037113757|01|2024|484
4330884810503805|01|2027|496
4330882845878812|03|2024|489
4330886365780084|12|2027|505
4330883283103770|11|2023|342
4330882283340804|04|2026|564
4330885174667847|03|2023|626
4330881717756718|11|2027|432
4330884345065023|07|2023|440
4330886705687551|01|2025|517
4330884716300272|02|2026|533
4330880154067118|01|2023|742
4330887710365506|10|2027|833
4330882787574643|12|2024|509
4330885708283301|07|2024|551
4330884750705444|02|2026|940
4330883263810451|10|2023|378
4330886451138114|09|2024|987
4330886427314575|05|2027|689
4330887421788632|05|2023|826
4330887875062476|02|2025|382
4330887703105448|10|2027|425
4330880510886615|06|2024|833
4330883345423745|07|2024|858
4330887413850473|11|2026|183
4330884062775275|01|2027|306
4330884003481165|07|2024|260
4330888665453644|06|2027|293
4330885827028801|10|2023|587
4330880604121804|04|2025|253
4330885013758856|09|2024|904
4330886677207362|10|2024|396
4330883747225326|07|2023|135
4330888272550386|08|2025|959
4330883513384448|02|2024|995
4330884254817281|12|2025|651
4330888834634074|03|2026|417
4330886404631553|04|2023|388
4330881251116048|12|2026|615
4330880158364826|11|2025|797
4330886115472735|05|2027|278
4330887045323568|07|2025|425
4330884732658315|10|2025|433
4330882827571351|04|2026|329
4330886624361767|08|2024|385
4330887784027404|01|2027|631
4330881765886185|09|2023|968
4330886627017101|02|2024|963
4330880767080607|07|2025|222
4330882061336578|11|2025|305
4330887471886716|06|2026|818
4330887147286176|11|2023|846
4330883224420085|04|2025|748
4330884320805542|12|2023|548
4330882412666582|09|2023|804
4330880450785215|08|2025|411
4330887183110827|05|2024|431
4330880481510327|08|2026|141
4330882487248258|09|2027|793
4330887466368548|03|2024|915
4330884212143218|02|2025|853
4330886287641703|06|2026|873
4330881147827576|09|2024|723
4330881883632826|12|2023|909
4330888402057211|06|2027|391
4330886346756450|12|2026|183
4330887832282415|08|2023|244
4330883836741241|02|2025|839
4330882468717537|11|2027|262
4330888220123245|09|2024|500
4330884072256670|09|2026|528
4330881807534348|06|2026|752
4330888253374244|08|2024|348
4330881418000374|07|2026|977
4330888341258102|03|2024|145
4330885341174701|12|2023|354
4330888067444175|11|2027|201
4330880277185854|03|2024|434
4330886048136662|08|2027|709
4330886068645634|12|2025|733
4330883265860264|07|2026|900
4330882367376658|01|2026|731
4330887454684047|07|2024|245
4330882861435182|05|2026|848
4330888072755631|09|2024|420
4330887374677840|08|2026|615
4330881763026107|03|2027|572
4330886862114357|01|2023|661
4330886306410650|08|2024|139
4330884345777015|06|2024|764
4330884410032460|07|2023|147
4330882531765364|06|2026|231
4330886663528045|01|2026|949
4330884840243273|08|2025|541
4330887554703507|10|2024|973
4330886445446813|10|2027|657
4330883618181657|08|2025|636
4330882862176017|08|2027|791
4330885474745277|02|2024|937
4330882085167207|04|2024|486
4330883251718583|05|2023|702
4330887445121000|03|2026|297
4330888266642736|07|2025|219
4330886077041882|11|2027|985
4330882287311470|05|2027|801
4330885488353233|07|2023|920
4330881365532221|05|2024|686
4330883233185653|06|2023|159
4330885580128822|01|2026|339
4330887310122331|01|2026|112
4330886573874208|06|2027|363
4330883760710733|10|2025|674
4330885302228546|10|2026|296
4330883134470287|09|2026|611
4330886365715445|04|2024|500
4330880485135071|01|2027|558
4330887146557726|10|2023|820
4330888027640672|08|2023|641
4330883277584050|06|2027|413
4330887382442104|08|2023|610
4330881108261526|02|2026|834
4330880127652723|09|2026|515
4330882604364756|02|2026|681
4330887737166523|09|2023|797
4330884761627488|04|2027|702
4330883271146138|08|2026|702
4330880848250831|12|2026|882
4330885830800733|07|2024|190
4330883342063858|09|2024|225
4330887842541552|06|2023|548
4330882844847487|05|2026|470
4330882147577120|07|2026|166
4330881185205560|12|2026|365
4330885873613274|06|2026|321
4330880847833645|12|2023|417
4330883788824342|07|2024|533
4330885162188152|06|2024|721
4330885582030661|04|2024|595
4330885746271730|07|2025|800
4330880767611542|06|2024|474
4330880457756326|04|2023|558
4330887303313046|06|2024|592
4330881313237055|11|2026|988
4330887167802357|06|2025|298
4330885187280018|01|2026|630
4330886787335368|01|2025|801
4330884357041318|04|2025|339
4330884145503306|11|2025|362
4330880548107257|03|2026|871
4330884282374073|10|2026|970
4330884483267241|10|2026|359
4330882112127752|08|2024|931
4330886667737550|08|2024|885
4330884613521681|03|2026|210
4330885521244340|08|2024|589
4330882404451043|06|2027|775
4330881058346137|05|2023|193
4330880377355126|12|2023|284
4330887610635628|05|2024|405
4330882356000236|04|2027|930
4330880232316115|02|2024|800
4330886717211135|10|2026|608
4330882657466474|03|2023|393
4330881104207127|06|2024|565
4330887122313615|07|2025|323
4330881154836783|01|2027|530
4330882200343584|09|2027|140
4330885431734133|05|2027|994
4330884785453200|05|2024|720
4330882880575281|04|2024|985
4330882546504303|09|2027|199
4330887085585571|04|2024|286
4330887233243842|10|2025|139
4330882631588377|01|2024|468
4330888301403177|05|2026|622
4330888078717353|08|2025|909
4330881163452820|02|2026|727
4330880202430425|08|2024|512
4330884124058082|09|2024|349
4330882350810747|11|2025|334
4330887601601126|02|2026|150
4330886853051576|04|2026|913
4330880200366464|05|2025|536
4330883587730062|01|2025|181
4330884256373820|11|2026|343
4330885601424028|02|2023|631
4330887036266552|11|2027|773
4330885366085501|07|2025|477
4330885002704481|04|2025|571
4330884610072043|10|2026|276
4330886777155545|12|2024|566
4330880187604440|05|2025|889
4330882780444117|01|2027|342
4330883750700652|05|2023|991
4330888025718025|05|2024|495
4330881342208218|05|2024|130
4330880402722266|02|2026|231
4330881372481735|12|2026|332
4330883414387771|01|2024|255
4330886857054725|10|2027|721
4330887874008645|02|2027|703
4330888556576818|02|2024|957
4330885245111155|12|2024|405
4330884855372033|05|2025|854
4330883181431372|10|2027|704
4330888602540826|04|2025|215
4330888276348803|12|2027|563
4330884801327818|02|2023|126
4330880176687521|01|2023|293
4330888843314072|06|2024|803
4330884437376783|09|2025|702
4330884687615260|10|2023|733